22:23:35:21 0.00 1.85 0.00 0.00 -5.950 18.2 1.15
22:23:37:52 1.83 1.60 2.02 1.73 -5.950 18.2 1.15
22:23:39:22 1.83 1.45 3.15 2.97 -5.950 18.1 1.15
22:23:40:08 1.85 2.06 2.25 2.07 -5.950 18.1 1.15
22:23:40:54 1.91 2.43 2.02 2.08 -5.950 18.1 1.16
22:23:42:32 1.90 2.22 2.52 2.13 -5.950 18.1 1.16
22:23:43:18 1.86 1.84 2.06 1.81 -5.950 18.1 1.16
22:23:44:04 1.75 1.86 2.01 1.89 -5.950 18.1 1.16
22:23:45:42 1.92 2.00 2.10 2.02 -5.950 18.0 1.16
22:23:46:28 1.71 2.23 2.21 2.01 -5.950 18.0 1.16
22:23:47:15 1.78 1.96 2.30 2.21 -5.950 18.0 1.16
22:23:48:52 1.85 2.03 2.07 1.84 -5.937 18.0 1.16
22:23:49:37 1.81 1.84 2.08 1.77 -5.937 18.0 1.16
22:23:50:24 1.71 1.81 1.97 1.80 -5.937 18.0 1.16
22:23:51:50 1.75 1.87 1.95 2.09 -5.937 17.9 1.16
22:23:52:37 1.84 1.91 2.07 2.04 -5.937 17.9 1.16
22:23:53:24 1.79 1.78 2.11 2.03 -5.937 17.9 1.16
22:23:55:00 1.83 1.65 2.10 2.12 -5.928 17.9 1.16
22:23:55:47 1.74 1.84 1.95 1.81 -5.925 17.8 1.16
22:23:56:33 1.80 1.80 2.12 1.91 -5.925 17.8 1.16
22:23:57:59 1.85 2.29 1.98 1.86 -5.916 17.8 1.16
22:23:58:46 1.96 2.02 2.10 1.95 -5.916 17.8 1.16
22:23:59:32 1.80 1.80 2.09 2.01 -5.913 17.8 1.16
23:00:01:08 1.88 2.21 2.14 2.01 -5.913 17.8 1.16
23:00:01:55 1.69 1.82 2.02 1.81 -5.913 17.7 1.16
23:00:02:41 1.60 1.77 1.84 1.60 -5.913 17.7 1.17
23:00:04:19 1.70 1.95 2.02 1.90 -5.906 17.7 1.17
23:00:05:04 1.74 1.96 2.14 1.91 -5.906 17.7 1.17
23:00:05:51 1.71 1.74 1.91 1.87 -5.906 17.6 1.17
23:00:07:19 1.84 2.04 2.36 2.26 -5.906 17.6 1.17
23:00:08:06 1.70 1.72 1.96 1.79 -5.899 17.6 1.17
23:00:08:53 1.76 1.52 1.98 1.77 -5.899 17.6 1.17
23:00:10:30 1.68 1.96 2.07 1.61 -5.880 17.6 1.17
23:00:11:16 1.78 1.87 2.01 1.97 -5.880 17.5 1.17
23:00:12:03 1.84 2.05 2.02 2.16 -5.880 17.6 1.17
23:00:13:40 1.73 1.70 1.99 1.95 -5.880 17.6 1.17
23:00:14:26 1.64 1.93 1.82 1.71 -5.885 17.5 1.18
23:00:15:12 1.75 1.80 2.02 1.70 -5.885 17.5 1.18
23:00:17:27 1.78 1.24 1.97 1.95 -5.879 17.5 1.18
23:00:18:13 1.85 2.27 2.05 2.19 -5.879 17.5 1.18
23:00:18:58 1.91 1.72 2.19 2.19 -5.879 17.5 1.18
23:00:20:37 1.89 2.14 2.16 2.30 -5.879 17.5 1.18
23:00:21:24 1.84 1.87 2.01 1.87 -5.879 17.5 1.18
23:00:22:10 1.90 1.92 2.21 1.98 -5.879 17.5 1.18
23:00:23:49 1.92 1.83 2.15 2.02 -5.879 17.5 1.19
23:00:24:36 1.84 1.83 2.26 1.99 -5.879 17.4 1.19
23:00:25:22 1.84 2.35 2.11 2.41 -5.879 17.4 1.19
23:00:26:59 1.82 1.82 2.05 1.67 -5.872 17.3 1.19
23:00:27:46 1.80 1.84 2.05 1.88 -5.872 17.3 1.19
23:00:28:31 1.79 1.89 2.02 1.97 -5.865 17.3 1.19
23:00:30:10 1.82 1.58 2.06 1.80 -5.865 17.3 1.19
23:00:30:56 1.95 1.78 2.21 1.98 -5.865 17.3 1.20
23:00:31:43 2.08 2.05 2.31 2.11 -5.865 17.3 1.20
23:00:33:20 2.03 1.93 2.30 2.16 -5.865 17.3 1.20
23:00:34:07 1.96 2.08 2.37 2.12 -5.865 17.2 1.20
23:00:34:53 1.92 1.97 2.47 2.13 -5.865 17.2 1.20
23:00:36:16 1.95 1.85 2.16 2.17 -5.857 17.2 1.20
23:00:37:02 1.87 1.91 2.23 2.22 -5.857 17.1 1.20
23:00:37:48 1.96 2.26 2.20 2.61 -5.857 17.1 1.21
23:00:39:26 1.89 2.25 2.18 2.09 -5.851 17.2 1.21
23:00:40:13 1.94 2.03 2.10 2.01 -5.851 17.1 1.21
23:00:40:58 1.90 1.93 2.09 2.13 -5.851 17.1 1.21
23:00:42:36 1.97 1.95 2.07 1.92 -5.851 17.1 1.21
23:00:43:22 2.12 2.50 2.63 2.71 -5.851 17.1 1.21
23:00:44:08 2.04 2.28 2.33 2.52 -5.851 17.1 1.22
23:00:45:34 2.14 2.56 2.20 2.27 -5.851 17.1 1.22
23:00:46:19 2.08 2.17 2.15 2.26 -5.851 17.0 1.22
23:00:47:05 2.19 2.30 2.01 1.86 -5.851 17.0 1.22
23:00:48:44 2.09 1.28 2.41 2.33 -5.842 17.0 1.22
23:00:49:31 2.10 2.55 2.31 2.63 -5.842 17.0 1.23
23:00:50:18 2.26 2.47 2.46 2.46 -5.844 17.0 1.23
23:00:51:54 2.20 2.40 2.63 2.52 -5.844 16.9 1.23
23:00:52:41 2.06 1.51 2.26 2.29 -5.844 16.9 1.23
23:00:53:28 2.21 2.31 2.19 2.12 -5.844 16.9 1.23
23:00:54:53 2.17 1.64 2.57 2.16 -5.837 16.9 1.24
23:00:55:38 2.17 2.26 2.42 2.48 -5.837 16.8 1.24
23:00:56:24 2.39 2.90 2.54 2.44 -5.837 16.8 1.24
23:00:57:53 2.17 1.30 2.55 2.49 -5.837 16.8 1.24
23:00:58:40 2.28 2.32 2.37 2.47 -5.831 16.8 1.24
23:00:59:27 2.08 2.23 2.28 2.22 -5.831 16.8 1.25
23:01:01:05 2.14 2.20 2.27 1.91 -5.831 16.8 1.25
23:01:01:51 2.57 2.70 2.66 2.57 -5.831 16.8 1.25
23:01:02:38 2.37 2.21 2.42 2.55 -5.831 16.7 1.25
23:01:04:16 2.23 2.43 2.62 2.39 -5.824 16.7 1.26
23:01:05:02 2.18 2.14 2.28 2.20 -5.824 16.7 1.26
23:01:05:48 2.07 2.17 2.34 2.09 -5.824 16.6 1.26
23:01:07:24 2.26 2.23 2.60 1.87 -5.824 16.6 1.26
23:01:08:10 2.31 3.33 2.60 2.75 -5.824 16.6 1.27
23:01:08:57 2.21 2.06 2.04 2.23 -5.817 16.6 1.27
23:01:10:23 2.07 2.26 2.21 2.35 -5.817 16.6 1.27
23:01:11:09 2.15 2.31 2.34 2.05 -5.817 16.6 1.27
23:01:11:55 2.20 2.34 2.32 2.29 -5.817 16.5 1.28
23:01:13:33 2.22 2.38 2.46 2.30 -5.817 16.5 1.28
23:01:14:19 2.23 2.38 2.57 2.38 -5.811 16.5 1.28
23:01:15:07 2.30 2.41 2.04 2.22 -5.811 16.6 1.28
23:01:16:43 2.26 2.99 2.68 2.26 -5.817 16.5 1.29
23:01:17:29 2.12 2.27 2.32 2.16 -5.817 16.5 1.29
23:01:18:14 2.03 2.27 2.41 2.23 -5.817 16.5 1.29
23:01:19:55 2.21 2.33 2.24 2.05 -5.811 16.4 1.30
23:01:20:40 2.20 2.30 2.29 2.39 -5.811 16.4 1.30
23:01:21:27 2.31 2.18 2.37 2.28 -5.811 16.4 1.30
23:01:23:07 2.39 3.69 2.70 2.52 -5.804 16.4 1.31
23:01:23:54 2.14 2.33 2.24 2.22 -5.804 16.4 1.31
23:01:24:39 2.18 2.14 2.50 2.28 -5.804 16.3 1.31
23:01:26:06 2.52 2.17 2.44 2.76 -5.804 16.3 1.32
23:01:26:52 2.32 2.26 2.44 2.33 -5.797 16.3 1.32
23:01:27:38 2.23 2.58 2.26 2.26 -5.797 16.3 1.32
23:01:29:16 2.37 2.38 2.53 2.62 -5.797 16.3 1.33
23:01:30:03 2.03 2.14 2.21 2.10 -5.797 16.3 1.33
23:01:30:48 2.11 2.23 2.39 2.06 -5.797 16.3 1.33
23:01:32:16 2.29 2.28 2.32 1.82 -5.797 16.2 1.34
23:01:33:01 2.52 2.35 2.65 2.80 -5.797 16.2 1.34
23:01:33:48 2.46 2.61 2.54 2.53 -5.797 16.2 1.34
23:01:35:12 2.52 2.66 2.33 2.60 -5.790 16.2 1.35
23:01:35:58 2.40 2.55 2.62 2.39 -5.790 16.2 1.35
23:01:36:45 2.53 2.64 2.62 2.58 -5.790 16.1 1.35
23:01:38:36 2.63 2.90 2.63 2.66 -5.784 16.1 1.36
23:01:39:22 2.68 2.81 2.61 2.63 -5.784 16.1 1.36
23:01:40:07 2.51 2.56 2.75 2.57 -5.784 16.1 1.36
23:01:41:45 2.48 2.53 2.87 2.20 -5.784 16.1 1.37
23:01:42:32 2.31 2.16 2.59 2.37 -5.784 16.1 1.37
23:01:43:18 2.33 2.39 2.37 2.16 -5.784 16.1 1.38
23:01:44:56 2.32 1.91 2.33 2.24 -5.784 16.1 1.38
23:01:45:42 2.59 2.95 2.54 2.51 -5.784 16.1 1.39
23:01:46:28 2.50 2.41 2.35 2.40 -5.784 16.0 1.39
23:01:47:55 2.39 2.77 2.78 2.41 -5.784 16.1 1.39
23:01:48:41 2.33 2.37 2.56 2.39 -5.784 16.0 1.40
23:01:49:27 2.42 2.57 2.43 2.43 -5.784 16.0 1.40
23:01:50:56 2.27 2.47 2.36 2.24 -5.777 16.0 1.41
23:01:51:42 2.26 2.38 2.54 2.42 -5.777 16.0 1.41
23:01:52:28 2.60 2.30 3.04 2.86 -5.777 16.0 1.41
23:01:53:58 2.59 2.59 2.65 2.68 -5.777 16.0 1.42
23:01:54:44 2.18 2.36 2.44 2.32 -5.777 16.0 1.42
23:01:55:30 2.18 2.52 2.43 2.20 -5.777 16.0 1.43
23:01:56:58 2.20 2.26 2.27 2.08 -5.777 15.9 1.43
23:01:57:45 2.17 2.62 2.40 2.22 -5.777 15.9 1.44
23:01:58:31 2.27 1.57 2.51 2.58 -5.777 16.0 1.44
23:01:59:57 2.47 2.33 2.49 2.47 -5.770 15.9 1.45
23:02:00:43 2.17 2.33 2.36 2.35 -5.770 15.9 1.45
23:02:01:29 2.29 2.48 2.45 2.24 -5.770 15.9 1.45
23:02:03:07 2.25 1.60 2.41 2.27 -5.770 15.9 1.46
23:02:03:53 2.70 2.96 2.73 2.57 -5.770 15.9 1.47
23:02:04:40 2.51 2.26 2.61 2.41 -5.770 15.8 1.47
23:02:06:19 2.82 3.23 2.66 2.52 -5.770 15.8 1.48
23:02:07:05 2.54 2.54 2.75 2.43 -5.764 15.8 1.48
23:02:07:50 2.71 2.59 2.99 2.41 -5.764 15.8 1.49
23:02:09:29 2.70 2.49 3.13 2.37 -5.764 15.8 1.50
23:02:10:15 2.84 3.05 3.06 2.83 -5.764 15.8 1.50
23:02:11:02 3.24 3.21 2.93 2.64 -5.764 15.8 1.50
23:02:12:41 3.22 3.00 3.36 2.74 -5.764 15.8 1.51
23:02:13:27 2.67 2.79 2.67 2.44 -5.764 15.8 1.52
23:02:14:13 2.65 2.55 2.80 2.45 -5.764 15.7 1.52
23:02:15:52 2.67 3.06 3.10 2.58 -5.757 15.7 1.53
23:02:16:40 2.97 2.96 4.04 3.64 -5.757 15.7 1.54
23:02:17:27 2.89 2.80 2.93 3.63 -5.757 15.7 1.54
23:02:19:02 3.13 3.18 3.42 2.50 -5.757 15.7 1.55
23:02:19:48 3.36 3.70 3.38 3.23 -5.757 15.7 1.55
23:02:20:35 3.61 2.54 3.39 3.64 -5.757 15.7 1.56
23:02:22:12 3.63 3.11 3.08 3.06 -5.757 15.6 1.57
23:02:22:58 3.25 3.16 2.92 3.08 -5.751 15.6 1.57
23:02:23:44 2.92 2.61 2.81 3.25 -5.750 15.6 1.58
23:02:25:22 2.74 2.75 2.84 3.24 -5.750 15.6 1.59
23:02:26:09 2.82 2.85 2.79 3.06 -5.750 15.6 1.59
23:02:26:53 2.69 2.68 2.66 2.85 -5.750 15.6 1.60
23:02:28:30 2.78 1.64 3.46 2.82 -5.750 15.6 1.61
23:02:29:17 2.95 3.08 2.49 3.08 -5.750 15.6 1.61
23:02:30:03 2.88 3.95 2.84 2.99 -5.750 15.6 1.62
23:02:31:41 2.82 2.66 2.73 3.19 -5.750 15.6 1.63
23:02:32:27 2.27 2.57 2.46 2.58 -5.750 15.6 1.64
23:02:33:14 2.56 2.56 2.63 2.46 -5.750 15.5 1.64
23:02:34:38 2.75 2.89 2.94 2.83 -5.750 15.5 1.65
23:02:35:25 3.07 3.50 3.17 3.10 -5.739 15.5 1.66
23:02:36:11 3.30 5.10 3.04 3.26 -5.739 15.5 1.66
23:02:37:49 2.75 3.71 3.51 3.20 -5.739 15.5 1.68
23:02:38:36 2.67 2.68 2.89 2.87 -5.739 15.5 1.68
23:02:39:23 2.67 2.69 2.54 2.64 -5.739 15.5 1.69
23:02:40:59 2.72 3.62 2.80 3.09 -5.739 15.5 1.70
23:02:41:45 2.75 2.74 2.81 3.35 -5.739 15.5 1.71
23:02:42:30 2.92 2.42 2.83 2.02 -5.739 15.5 1.71
23:02:44:09 2.78 2.62 3.49 3.02 -5.739 15.5 1.73
23:02:44:55 2.60 2.77 2.58 2.64 -5.739 15.5 1.73
23:02:45:42 2.52 2.49 2.62 2.45 -5.739 15.5 1.74
