-5.0  -24.0    6.4
-4.8  -21.0    8.6
-4.6  -18.0   10.6
-4.4  -16.2   12.5
-4.2  -12.7   13.9
-4.0   -7.9   12.6
-3.8   -6.4   11.8
-3.6   -1.4   11.6
-3.4    0.7   10.9
-3.2    2.7   10.1
-3.0    3.5    9.5
-2.8    4.1    8.0
-2.6    5.7    7.5
-2.4    6.2    6.6
-2.2    7.8    5.0
-2.0    6.6    3.7
-1.8    8.4    0.4
-1.6   12.3    0.4
-1.4   16.1    1.0
-1.2   16.0    0.1
-1.0   15.5   -1.6
-0.8   14.9   -3.0
-0.6   14.4   -1.8
-0.4   12.9    2.1
-0.2   14.5    3.4
 0.0   14.3    3.1
 0.2   17.5    2.8
 0.4   21.3    5.5
 0.6   25.3    5.6
 0.8   26.6    6.0
 1.0   27.0    6.6
 1.2   26.5    7.0
 1.4   26.1    7.5
 1.6   26.1    7.5
 1.8   26.1    7.5
 2.0   26.1    7.5
 2.2   26.1    7.5
 2.4   26.1    7.5
 2.6   26.1    7.5
 2.8   26.1    7.5
 3.0   26.1    7.5
 3.2   26.1    7.5
 3.4   26.1    7.5
 3.6   26.1    7.5
 3.8   26.1    7.5
 4.0   26.1    7.5
 4.2   26.1    7.5
 4.4   26.1    7.5
 4.6   26.1    7.5
 4.8   26.1    7.5
 5.0   26.1    7.5
