-5.0  -31.4  -59.3
-4.8  -26.4  -56.3
-4.6  -21.4  -53.3
-4.4  -14.4  -46.3
-4.2   -9.3  -42.7
-4.0   -1.9  -37.4
-3.8    2.5  -36.1
-3.6    4.8  -34.2
-3.4   10.9  -33.0
-3.2   17.6  -27.8
-3.0   18.8  -30.1
-2.8   19.3  -29.2
-2.6   22.4  -29.2
-2.4   23.9  -29.7
-2.2   25.4  -32.4
-2.0   26.2  -33.8
-1.8   25.4  -34.6
-1.6   25.8  -32.0
-1.4   28.7  -34.0
-1.2   27.5  -32.0
-1.0   29.2  -31.4
-0.8   31.2  -33.7
-0.6   29.6  -32.3
-0.4   27.2  -33.0
-0.2   34.4  -33.0
 0.0   37.2  -29.9
 0.2   37.6  -30.1
 0.4   34.5  -30.4
 0.6   36.2  -30.4
 0.8   34.3  -27.7
 1.0   34.9  -27.9
 1.2   32.2  -29.9
 1.4   29.5  -29.1
 1.6   30.0  -29.9
 1.8   29.9  -28.8
 2.0   26.8  -28.9
 2.2   24.5  -30.3
 2.4   20.6  -32.7
 2.6   20.4  -34.6
 2.8   18.9  -36.6
 3.0   13.9  -39.5
 3.2   12.0  -41.1
 3.4   10.1  -43.1
 3.6   13.4  -47.1
 3.8   14.4  -47.8
 4.0   13.4  -50.3
 4.2   12.1  -51.8
 4.4    9.8  -54.1
 4.6    8.7  -55.8
 4.8    6.7  -57.8
 5.0    4.7  -59.8
