-5.0 -111.1 -121.4
-4.8 -106.1 -118.4
-4.6 -101.1 -115.4
-4.4  -96.1 -112.4
-4.2  -91.1 -109.4
-4.0  -86.7 -107.0
-3.8  -81.8 -104.2
-3.6  -77.5 -101.1
-3.4  -71.8  -99.4
-3.2  -67.4  -98.9
-3.0  -65.3  -97.6
-2.8  -63.7  -97.4
-2.6  -62.7  -95.3
-2.4  -60.1  -96.2
-2.2  -57.1  -97.1
-2.0  -55.0  -96.4
-1.8  -55.3  -96.3
-1.6  -54.9  -98.1
-1.4  -52.2 -100.7
-1.2  -51.0 -102.0
-1.0  -50.0 -101.0
-0.8  -48.6 -101.5
-0.6  -50.2 -102.9
-0.4  -53.6 -103.8
-0.2  -51.9 -104.4
 0.0  -49.8 -105.2
 0.2  -50.7 -106.0
 0.4  -52.3 -106.8
 0.6  -52.1 -108.5
 0.8  -53.9 -108.9
 1.0  -55.6 -109.8
 1.2  -57.9 -111.7
 1.4  -59.1 -111.4
 1.6  -60.1 -112.5
 1.8  -60.5 -113.6
 2.0  -63.2 -115.7
 2.2  -65.2 -118.9
 2.4  -68.8 -121.8
 2.6  -70.9 -124.4
 2.8  -74.4 -126.2
 3.0  -81.8 -128.9
 3.2  -85.7 -129.5
 3.4  -88.4 -130.5
 3.6  -88.0 -134.2
 3.8  -87.6 -136.6
 4.0  -88.6 -139.1
 4.2  -89.9 -140.6
 4.4  -92.2 -142.9
 4.6  -93.3 -144.6
 4.8  -95.3 -146.6
 5.0  -97.3 -148.6
