-5.0  -53.6  -74.9
-4.8  -48.6  -71.9
-4.6  -43.6  -68.9
-4.4  -36.6  -61.9
-4.2  -31.3  -59.5
-4.0  -24.1  -53.6
-3.8  -20.0  -51.7
-3.6  -15.5  -49.5
-3.4   -9.0  -48.6
-3.2   -1.9  -43.7
-3.0   -5.8  -46.3
-2.8   -3.7  -44.9
-2.6    1.0  -44.4
-2.4    1.9  -44.7
-2.2    2.8  -47.2
-2.0    3.8  -48.8
-1.8    3.2  -49.9
-1.6    3.8  -47.5
-1.4    6.3  -48.7
-1.2    4.6  -46.0
-1.0    5.9  -44.6
-0.8    9.1  -47.1
-0.6   10.1  -45.5
-0.4   10.2  -45.9
-0.2   14.5  -44.4
 0.0   17.3  -41.3
 0.2   17.7  -41.5
 0.4   14.6  -41.8
 0.6   16.3  -41.8
 0.8   14.4  -39.1
 1.0   15.0  -39.3
 1.2   12.3  -41.3
 1.4    9.6  -40.5
 1.6   10.1  -41.3
 1.8   10.0  -40.2
 2.0    6.9  -40.3
 2.2    4.6  -41.7
 2.4    0.7  -44.1
 2.6    0.5  -46.0
 2.8   -1.0  -48.0
 3.0   -6.0  -50.9
 3.2   -7.9  -52.5
 3.4   -9.8  -54.5
 3.6   -6.5  -58.5
 3.8   -5.5  -59.2
 4.0   -6.5  -61.7
 4.2   -7.8  -63.2
 4.4  -10.1  -65.5
 4.6  -11.2  -67.2
 4.8  -13.2  -69.2
 5.0  -15.2  -71.2
