-5.0  -77.0  -49.0
-4.8  -73.0  -46.0
-4.6  -69.0  -43.0
-4.4  -65.1  -39.7
-4.2  -62.2  -37.0
-4.0  -55.5  -33.6
-3.8  -49.0  -31.2
-3.6  -45.0  -29.0
-3.4  -38.6  -25.9
-3.2  -33.9  -24.1
-3.0  -32.8  -22.8
-2.8  -31.2  -21.4
-2.6  -29.1  -20.7
-2.4  -27.7  -19.2
-2.2  -25.3  -17.5
-2.0  -22.3  -16.4
-1.8  -19.5  -15.4
-1.6  -15.2  -13.8
-1.4   -9.9  -12.2
-1.2   -4.8  -11.2
-1.0   -3.4  -13.2
-0.8   -1.8  -12.7
-0.6   -2.3  -12.7
-0.4   -1.3   -8.2
-0.2    1.6   -4.3
 0.0    4.8   -3.1
 0.2   10.1   -1.1
 0.4   14.9   -0.3
 0.6   17.7    0.9
 0.8   18.4    1.9
 1.0   20.3    2.6
 1.2   20.8    3.1
 1.4   21.5    3.8
 1.6   23.8    4.0
 1.8   24.7    3.0
 2.0   25.4    2.7
 2.2   26.9    1.9
 2.4   28.8    2.3
 2.6   30.0    0.5
 2.8   30.4    0.2
 3.0   30.5   -1.8
 3.2   29.4   -2.2
 3.4   29.4   -2.9
 3.6   30.5   -3.9
 3.8   32.3   -6.0
 4.0   34.5   -7.1
 4.2   37.2   -8.9
 4.4   38.5   -9.7
 4.6   40.0  -11.0
 4.8   42.0  -13.0
 5.0   44.0  -15.0
