-5.0  -43.4  -20.2
-4.8  -39.4  -23.2
-4.6  -35.4  -26.2
-4.4  -31.4  -29.2
-4.2  -27.1  -33.9
-4.0  -24.9  -35.0
-3.8  -23.1  -35.5
-3.6  -18.9  -36.0
-3.4  -15.0  -36.8
-3.2  -13.1  -36.5
-3.0  -13.6  -36.0
-2.8  -14.5  -36.0
-2.6  -12.2  -36.0
-2.4  -11.8  -35.1
-2.2  -10.7  -33.0
-2.0  -10.7  -31.0
-1.8  -10.7  -29.6
-1.6  -10.7  -28.6
-1.4  -10.7  -28.5
-1.2  -10.7  -28.2
-1.0  -10.7  -28.0
-0.8  -10.7  -27.4
-0.6  -10.7  -27.4
-0.4  -10.7  -27.4
-0.2  -10.7  -27.4
 0.0  -10.7  -27.4
 0.2  -10.7  -27.4
 0.4  -10.7  -27.4
 0.6  -10.7  -27.4
 0.8  -10.7  -27.4
 1.0  -10.7  -27.4
 1.2  -10.7  -27.4
 1.4  -10.7  -27.4
 1.6  -10.7  -27.4
 1.8  -10.7  -27.4
 2.0  -10.7  -27.4
 2.2  -10.7  -27.4
 2.4  -10.7  -27.4
 2.6  -10.7  -27.4
 2.8  -10.7  -27.4
 3.0  -10.7  -27.4
 3.2  -10.7  -27.4
 3.4  -10.7  -27.4
 3.6  -10.7  -27.4
 3.8  -10.7  -27.4
 4.0  -10.7  -27.4
 4.2  -10.7  -27.4
 4.4  -10.7  -27.4
 4.6  -10.7  -27.4
 4.8  -10.7  -27.4
 5.0  -10.7  -27.4
