-5.0  -78.8  -42.6
-4.8  -74.8  -45.6
-4.6  -70.8  -48.6
-4.4  -66.8  -51.6
-4.2  -61.1  -52.5
-4.0  -59.9  -49.5
-3.8  -56.9  -53.1
-3.6  -51.6  -57.1
-3.4  -50.1  -55.3
-3.2  -47.3  -55.0
-3.0  -47.3  -55.3
-2.8  -49.8  -54.5
-2.6  -48.3  -55.3
-2.4  -45.5  -50.6
-2.2  -42.7  -48.2
-2.0  -47.4  -50.1
-1.8  -46.6  -47.0
-1.6  -46.0  -47.8
-1.4  -48.4  -44.8
-1.2  -47.5  -44.7
-1.0  -45.1  -44.0
-0.8  -44.3  -41.7
-0.6  -46.2  -43.9
-0.4  -47.0  -43.0
-0.2  -49.3  -45.9
 0.0  -51.6  -52.5
 0.2  -52.1  -51.4
 0.4  -48.2  -54.0
 0.6  -47.6  -54.3
 0.8  -45.9  -50.9
 1.0  -39.9  -51.1
 1.2  -40.1  -53.2
 1.4  -39.8  -52.5
 1.6  -40.9  -53.5
 1.8  -42.0  -53.6
 2.0  -45.5  -50.7
 2.2  -47.3  -52.2
 2.4  -47.3  -53.2
 2.6  -48.1  -52.8
 2.8  -47.1  -53.8
 3.0  -46.8  -54.9
 3.2  -48.9  -56.0
 3.4  -47.9  -55.5
 3.6  -45.6  -54.7
 3.8  -45.6  -54.7
 4.0  -45.6  -54.7
 4.2  -45.6  -54.7
 4.4  -45.6  -54.7
 4.6  -45.6  -54.7
 4.8  -45.6  -54.7
 5.0  -45.6  -54.7
