-5.0 -127.6 -117.9
-4.8 -122.6 -114.9
-4.6 -117.6 -111.9
-4.4 -112.6 -108.9
-4.2 -107.6 -105.9
-4.0 -103.2 -103.5
-3.8  -98.3 -100.7
-3.6  -94.0  -97.6
-3.4  -88.3  -95.9
-3.2  -83.9  -95.4
-3.0  -81.8  -94.1
-2.8  -80.2  -93.9
-2.6  -79.2  -91.8
-2.4  -76.6  -92.7
-2.2  -73.6  -93.6
-2.0  -71.0  -94.1
-1.8  -70.8  -93.9
-1.6  -69.9  -94.0
-1.4  -66.7  -96.6
-1.2  -65.0  -98.7
-1.0  -63.5 -100.2
-0.8  -61.6  -98.7
-0.6  -62.7 -100.1
-0.4  -65.5 -100.9
-0.2  -63.0 -102.5
 0.0  -60.7 -104.1
 0.2  -61.3 -105.9
 0.4  -62.3 -107.1
 0.6  -61.3 -109.5
 0.8  -63.7 -109.3
 1.0  -64.0 -110.5
 1.2  -66.2 -112.4
 1.4  -66.8 -112.0
 1.6  -67.0 -112.8
 1.8  -67.6 -113.9
 2.0  -70.8 -115.6
 2.2  -72.6 -118.2
 2.4  -74.8 -121.0
 2.6  -75.4 -124.2
 2.8  -79.2 -125.6
 3.0  -86.6 -127.9
 3.2  -89.5 -129.2
 3.4  -91.9 -130.9
 3.6  -91.4 -135.0
 3.8  -90.5 -136.6
 4.0  -92.0 -140.2
 4.2  -93.2 -142.3
 4.4  -95.5 -144.6
 4.6  -96.6 -146.3
 4.8  -98.6 -148.3
 5.0 -100.6 -150.3
