-5.0  -25.3    2.5
-4.8  -22.3    4.7
-4.6  -19.3    6.7
-4.4  -17.5    8.6
-4.2  -16.7   13.4
-4.0  -10.5   14.5
-3.8   -8.9   13.0
-3.6   -3.4   14.3
-3.4    0.3   13.2
-3.2    4.2   14.5
-3.0    3.1   13.4
-2.8    4.0   12.8
-2.6    6.3   10.8
-2.4    5.3   11.5
-2.2    4.6   10.8
-2.0    6.5    9.4
-1.8    6.0    7.7
-1.6    7.2    4.8
-1.4   13.5    5.7
-1.2   14.0    7.0
-1.0   12.7    4.3
-0.8   14.3    4.4
-0.6   12.8    2.9
-0.4   12.3    6.8
-0.2   14.9   10.4
 0.0   17.1    8.3
 0.2   19.5    9.1
 0.4   24.0   11.1
 0.6   23.0   11.1
 0.8   21.8   10.6
 1.0   22.2   11.8
 1.2   21.1    9.4
 1.4   18.6    9.3
 1.6   18.6   10.6
 1.8   15.9   10.6
 2.0   15.2    9.7
 2.2   12.5   10.3
 2.4   10.4   11.1
 2.6    9.7   11.5
 2.8    7.0   13.4
 3.0    5.9   14.9
 3.2    6.0   14.4
 3.4    6.0   14.4
 3.6    6.0   14.4
 3.8    6.0   14.4
 4.0    6.0   14.4
 4.2    6.0   14.4
 4.4    6.0   14.4
 4.6    6.0   14.4
 4.8    6.0   14.4
 5.0    6.0   14.4
