-5.0  -51.4  -71.3
-4.8  -46.4  -68.3
-4.6  -41.4  -65.3
-4.4  -34.4  -58.3
-4.2  -29.3  -54.7
-4.0  -21.9  -49.4
-3.8  -17.5  -48.1
-3.6  -15.2  -46.2
-3.4   -9.1  -45.0
-3.2   -2.4  -39.8
-3.0   -1.2  -42.1
-2.8   -0.7  -41.2
-2.6    2.4  -41.2
-2.4    3.9  -41.7
-2.2    5.4  -44.4
-2.0    6.2  -45.8
-1.8    5.4  -46.6
-1.6    5.8  -44.0
-1.4    8.7  -46.0
-1.2    7.5  -44.0
-1.0    9.2  -43.4
-0.8   11.2  -45.7
-0.6    9.6  -44.3
-0.4    7.2  -45.0
-0.2   14.4  -45.0
 0.0   17.2  -41.9
 0.2   17.6  -42.1
 0.4   14.5  -42.4
 0.6   16.2  -42.4
 0.8   14.3  -39.7
 1.0   14.9  -39.9
 1.2   12.2  -41.9
 1.4    9.5  -41.1
 1.6   10.0  -41.9
 1.8    9.9  -40.8
 2.0    6.8  -40.9
 2.2    4.5  -42.3
 2.4    0.6  -44.7
 2.6    0.4  -46.6
 2.8   -1.1  -48.6
 3.0   -6.1  -51.5
 3.2   -8.0  -53.1
 3.4   -9.9  -55.1
 3.6   -6.6  -59.1
 3.8   -5.6  -59.8
 4.0   -6.6  -62.3
 4.2   -7.9  -63.8
 4.4  -10.2  -66.1
 4.6  -11.3  -67.8
 4.8  -13.3  -69.8
 5.0  -15.3  -71.8
