-5.0  -43.6  -69.2
-4.8  -38.6  -66.2
-4.6  -33.6  -63.2
-4.4  -29.8  -58.6
-4.2  -24.1  -57.5
-4.0  -17.5  -52.8
-3.8  -12.0  -47.8
-3.6   -8.0  -46.8
-3.4   -3.1  -46.4
-3.2    3.7  -41.9
-3.0    2.4  -42.5
-2.8    3.9  -43.5
-2.6    6.3  -41.8
-2.4    7.4  -42.3
-2.2    9.7  -45.7
-2.0   10.4  -45.7
-1.8    9.2  -46.7
-1.6    9.8  -43.8
-1.4   15.0  -47.3
-1.2   11.1  -45.8
-1.0   13.9  -43.5
-0.8   15.9  -46.3
-0.6   16.3  -46.2
-0.4   18.9  -45.5
-0.2   22.1  -45.6
 0.0   26.1  -42.8
 0.2   25.5  -45.7
 0.4   23.5  -45.8
 0.6   25.3  -46.0
 0.8   23.6  -43.6
 1.0   22.8  -42.5
 1.2   21.7  -44.6
 1.4   19.2  -41.1
 1.6   20.3  -42.6
 1.8   19.5  -41.8
 2.0   18.0  -42.4
 2.2   12.9  -40.3
 2.4    8.6  -44.1
 2.6    9.4  -44.7
 2.8    6.0  -46.2
 3.0   -0.9  -48.7
 3.2   -2.8  -50.3
 3.4   -4.7  -52.3
 3.6   -1.4  -56.3
 3.8   -0.4  -57.0
 4.0   -1.4  -59.5
 4.2   -2.7  -61.0
 4.4   -5.0  -63.3
 4.6   -6.1  -65.0
 4.8   -8.1  -67.0
 5.0  -10.1  -69.0
