-5.0 -105.0 -123.0
-4.8 -100.0 -120.0
-4.6  -95.0 -117.0
-4.4  -90.0 -114.0
-4.2  -85.0 -111.0
-4.0  -80.6 -108.6
-3.8  -75.7 -105.8
-3.6  -71.4 -102.7
-3.4  -65.7 -101.0
-3.2  -61.3 -100.5
-3.0  -59.2  -99.2
-2.8  -57.6  -99.0
-2.6  -55.5  -99.0
-2.4  -53.6  -99.0
-2.2  -50.4  -99.0
-2.0  -48.2 -100.3
-1.8  -49.7 -104.3
-1.6  -49.6 -106.1
-1.4  -48.4 -107.7
-1.2  -48.0 -109.0
-1.0  -47.0 -108.0
-0.8  -46.0 -108.0
-0.6  -45.5 -109.1
-0.4  -47.6 -109.2
-0.2  -47.1 -109.8
 0.0  -43.5 -110.2
 0.2  -43.1 -110.3
 0.4  -44.2 -111.2
 0.6  -44.9 -112.4
 0.8  -47.1 -113.2
 1.0  -48.7 -113.8
 1.2  -50.4 -114.8
 1.4  -51.4 -115.1
 1.6  -52.9 -116.7
 1.8  -53.5 -118.0
 2.0  -57.1 -119.9
 2.2  -60.2 -122.3
 2.4  -62.9 -124.8
 2.6  -65.6 -126.9
 2.8  -68.0 -129.5
 3.0  -74.2 -131.5
 3.2  -77.4 -133.3
 3.4  -79.0 -135.1
 3.6  -78.3 -137.1
 3.8  -78.0 -139.0
 4.0  -78.7 -140.9
 4.2  -81.6 -144.0
 4.4  -83.9 -146.3
 4.6  -85.0 -148.0
 4.8  -87.0 -150.0
 5.0  -89.0 -152.0
