-5.0  -37.8  -62.4
-4.8  -32.8  -59.4
-4.6  -27.8  -56.4
-4.4  -20.8  -49.4
-4.2  -13.3  -45.4
-4.0   -7.2  -40.6
-3.8   -3.3  -38.3
-3.6    0.6  -35.5
-3.4    3.6  -35.7
-3.2    9.9  -30.8
-3.0   14.2  -31.0
-2.8   14.3  -30.9
-2.6   15.1  -32.5
-2.4   19.6  -32.7
-2.2   20.1  -34.9
-2.0   18.7  -35.8
-1.8   18.9  -36.4
-1.6   20.5  -33.6
-1.4   22.9  -34.8
-1.2   21.3  -33.4
-1.0   21.7  -33.6
-0.8   23.2  -33.0
-0.6   22.9  -31.7
-0.4   22.1  -32.8
-0.2   29.7  -33.2
 0.0   32.8  -30.7
 0.2   33.4  -30.2
 0.4   32.3  -30.9
 0.6   35.0  -31.1
 0.8   31.9  -29.8
 1.0   30.9  -30.7
 1.2   29.2  -30.9
 1.4   27.5  -29.6
 1.6   25.9  -29.7
 1.8   24.7  -29.5
 2.0   22.0  -31.6
 2.2   20.0  -34.8
 2.4   16.4  -37.7
 2.6   14.3  -40.3
 2.8   10.8  -42.1
 3.0    3.4  -44.8
 3.2   -0.5  -45.4
 3.4   -3.2  -46.4
 3.6   -2.8  -50.1
 3.8   -2.4  -52.5
 4.0   -3.4  -55.0
 4.2   -4.7  -56.5
 4.4   -7.0  -58.8
 4.6   -8.1  -60.5
 4.8  -10.1  -62.5
 5.0  -12.1  -64.5
