-5.0  -94.3  -61.5
-4.8  -90.3  -58.5
-4.6  -86.3  -55.5
-4.4  -82.4  -52.2
-4.2  -79.5  -49.5
-4.0  -72.8  -46.1
-3.8  -66.3  -43.7
-3.6  -62.3  -41.5
-3.4  -55.9  -38.4
-3.2  -51.6  -36.2
-3.0  -49.9  -33.7
-2.8  -47.6  -30.3
-2.6  -45.2  -28.8
-2.4  -41.9  -26.8
-2.2  -38.5  -24.8
-2.0  -35.7  -23.7
-1.8  -34.3  -22.8
-1.6  -30.9  -21.2
-1.4  -24.7  -19.6
-1.2  -21.7  -18.2
-1.0  -21.2  -17.9
-0.8  -20.6  -18.6
-0.6  -20.4  -19.4
-0.4  -19.3  -13.6
-0.2  -17.6  -10.4
 0.0  -14.4   -9.3
 0.2   -8.3   -7.1
 0.4   -3.2   -6.0
 0.6    1.6   -4.8
 0.8    2.5   -4.7
 1.0    5.1   -3.5
 1.2    4.8   -2.1
 1.4    5.5   -1.3
 1.6    6.4   -0.6
 1.8    6.9   -1.3
 2.0    7.2   -0.4
 2.2    8.9   -0.7
 2.4    9.8   -0.4
 2.6    9.9   -1.0
 2.8   10.2   -1.4
 3.0   10.0   -2.8
 3.2    8.6   -3.1
 3.4    9.3   -4.6
 3.6   10.8   -6.2
 3.8   12.8   -7.9
 4.0   15.3  -10.3
 4.2   19.3  -11.7
 4.4   21.6  -12.7
 4.6   23.1  -14.0
 4.8   25.1  -16.0
 5.0   27.1  -18.0
