-5.0  -10.8  -10.6
-4.8   -6.8  -13.6
-4.6   -2.8  -16.6
-4.4    1.2  -19.6
-4.2    6.9  -20.5
-4.0    8.1  -17.5
-3.8   11.1  -21.1
-3.6   16.4  -25.1
-3.4   17.9  -23.3
-3.2   20.7  -23.0
-3.0   20.7  -23.3
-2.8   18.2  -22.5
-2.6   19.7  -23.3
-2.4   22.5  -18.6
-2.2   25.3  -16.2
-2.0   20.6  -18.1
-1.8   21.4  -15.0
-1.6   22.0  -15.8
-1.4   19.6  -12.8
-1.2   20.5  -12.7
-1.0   22.9  -12.0
-0.8   23.7   -9.7
-0.6   21.8  -11.9
-0.4   21.0  -11.0
-0.2   18.7  -13.9
 0.0   16.4  -20.5
 0.2   15.9  -19.4
 0.4   19.8  -22.0
 0.6   20.4  -22.3
 0.8   22.1  -18.9
 1.0   28.1  -19.1
 1.2   27.9  -21.2
 1.4   28.2  -20.5
 1.6   27.1  -21.5
 1.8   26.0  -21.6
 2.0   22.5  -18.7
 2.2   20.7  -20.2
 2.4   20.7  -21.2
 2.6   19.9  -20.8
 2.8   20.9  -21.8
 3.0   21.2  -22.9
 3.2   19.1  -24.0
 3.4   20.1  -23.5
 3.6   22.4  -22.7
 3.8   22.4  -22.7
 4.0   22.4  -22.7
 4.2   22.4  -22.7
 4.4   22.4  -22.7
 4.6   22.4  -22.7
 4.8   22.4  -22.7
 5.0   22.4  -22.7
