-5.0 -103.8  -65.8
-4.8  -99.8  -62.8
-4.6  -95.8  -59.8
-4.4  -91.9  -56.5
-4.2  -89.0  -53.8
-4.0  -82.3  -50.4
-3.8  -75.8  -48.0
-3.6  -71.8  -45.8
-3.4  -65.4  -42.7
-3.2  -61.1  -40.5
-3.0  -59.4  -38.0
-2.8  -57.6  -34.8
-2.6  -54.4  -32.5
-2.4  -51.5  -30.1
-2.2  -48.1  -27.8
-2.0  -46.1  -26.4
-1.8  -44.1  -25.2
-1.6  -40.1  -23.4
-1.4  -33.3  -20.7
-1.2  -30.7  -19.2
-1.0  -30.2  -18.9
-0.8  -30.4  -19.2
-0.6  -29.5  -18.2
-0.4  -27.3  -12.6
-0.2  -24.6   -9.4
 0.0  -20.4   -8.3
 0.2  -13.7   -6.5
 0.4  -10.6   -5.9
 0.6   -6.4   -4.7
 0.8   -6.6   -4.1
 1.0   -2.9   -2.7
 1.2   -3.7   -2.4
 1.4   -3.5   -2.0
 1.6   -2.6   -2.5
 1.8   -2.0   -3.4
 2.0   -2.2   -2.4
 2.2   -0.1   -2.9
 2.4    0.6   -2.9
 2.6    0.8   -3.1
 2.8    1.6   -3.8
 3.0    1.9   -5.5
 3.2    1.5   -7.1
 3.4    2.7   -8.9
 3.6    4.5  -11.4
 3.8    6.0  -13.0
 4.0    7.4  -14.2
 4.2   10.3  -15.4
 4.4   12.6  -16.4
 4.6   14.1  -17.7
 4.8   16.1  -19.7
 5.0   18.1  -21.7
