-5.0  -86.8  -47.8
-4.8  -82.8  -50.8
-4.6  -78.8  -53.8
-4.4  -74.8  -56.8
-4.2  -70.2  -57.9
-4.0  -70.5  -61.2
-3.8  -67.5  -62.1
-3.6  -62.2  -63.3
-3.4  -59.5  -62.1
-3.2  -58.1  -61.5
-3.0  -59.1  -59.9
-2.8  -59.3  -59.8
-2.6  -57.3  -59.5
-2.4  -54.3  -61.4
-2.2  -52.6  -58.7
-2.0  -54.4  -54.4
-1.8  -54.2  -55.3
-1.6  -51.8  -52.8
-1.4  -53.2  -51.7
-1.2  -51.3  -53.6
-1.0  -52.1  -50.2
-0.8  -54.7  -50.8
-0.6  -54.5  -52.1
-0.4  -56.2  -51.1
-0.2  -59.4  -53.8
 0.0  -61.7  -60.4
 0.2  -62.2  -59.3
 0.4  -58.3  -61.9
 0.6  -57.7  -62.2
 0.8  -56.0  -58.8
 1.0  -50.0  -59.0
 1.2  -50.2  -61.1
 1.4  -49.9  -60.4
 1.6  -51.0  -61.4
 1.8  -52.1  -61.5
 2.0  -55.6  -58.6
 2.2  -57.4  -60.1
 2.4  -57.4  -61.1
 2.6  -58.2  -60.7
 2.8  -57.2  -61.7
 3.0  -56.9  -62.8
 3.2  -59.0  -63.9
 3.4  -58.0  -63.4
 3.6  -55.7  -62.6
 3.8  -55.7  -62.6
 4.0  -55.7  -62.6
 4.2  -55.7  -62.6
 4.4  -55.7  -62.6
 4.6  -55.7  -62.6
 4.8  -55.7  -62.6
 5.0  -55.7  -62.6
