-5.0  -43.0 -109.4
-4.8  -38.0 -113.4
-4.6  -34.0 -116.4
-4.4  -29.5 -120.1
-4.2  -25.5 -124.1
-4.0  -22.7 -126.4
-3.8  -18.8 -127.4
-3.6  -11.8 -127.7
-3.4   -7.4 -127.9
-3.2   -5.5 -128.5
-3.0   -4.9 -128.3
-2.8   -2.5 -128.0
-2.6    0.0 -130.1
-2.4    1.6 -131.5
-2.2    2.3 -131.2
-2.0    2.7 -130.0
-1.8    3.7 -129.5
-1.6    4.5 -129.9
-1.4    6.4 -130.4
-1.2    7.0 -128.0
-1.0   10.0 -126.0
-0.8   12.1 -125.2
-0.6   12.3 -127.1
-0.4   11.4 -126.9
-0.2   11.7 -125.6
 0.0   12.2 -125.3
 0.2   12.5 -130.5
 0.4   13.0 -134.8
 0.6   12.6 -132.8
 0.8   13.5 -131.5
 1.0   20.2 -129.5
 1.2   23.2 -129.8
 1.4   21.5 -129.6
 1.6   22.2 -128.1
 1.8   23.3 -127.5
 2.0   23.7 -127.0
 2.2   26.1 -127.0
 2.4   26.8 -128.2
 2.6   26.7 -128.5
 2.8   29.5 -129.0
 3.0   31.4 -131.2
 3.2   30.6 -131.2
 3.4   31.5 -129.5
 3.6   36.1 -128.7
 3.8   39.6 -129.1
 4.0   43.1 -130.3
 4.2   45.8 -132.8
 4.4   47.7 -137.1
 4.6   50.3 -139.8
 4.8   53.3 -142.8
 5.0   56.3 -145.8
