-5.0  -27.0 -127.0
-4.8  -22.0 -131.0
-4.6  -18.0 -134.0
-4.4  -13.5 -137.7
-4.2   -9.5 -141.7
-4.0   -6.7 -144.0
-3.8   -2.8 -145.0
-3.6    4.2 -145.3
-3.4    8.6 -145.5
-3.2   10.5 -146.1
-3.0   11.1 -145.9
-2.8   13.5 -145.6
-2.6   16.0 -145.1
-2.4   18.4 -144.8
-2.2   19.2 -143.1
-2.0   20.5 -141.1
-1.8   21.4 -139.9
-1.6   22.6 -138.7
-1.4   24.2 -137.0
-1.2   24.7 -134.8
-1.0   27.0 -131.7
-0.8   30.5 -131.4
-0.6   31.3 -131.7
-0.4   30.5 -130.6
-0.2   30.3 -128.8
 0.0   29.9 -129.0
 0.2   30.7 -131.9
 0.4   30.6 -135.2
 0.6   31.4 -132.0
 0.8   33.8 -129.4
 1.0   40.4 -128.6
 1.2   45.6 -128.3
 1.4   46.3 -128.9
 1.6   47.0 -127.7
 1.8   48.2 -126.9
 2.0   49.9 -125.3
 2.2   52.5 -124.7
 2.4   54.0 -126.4
 2.6   55.1 -125.9
 2.8   56.9 -126.1
 3.0   58.6 -127.0
 3.2   58.2 -126.5
 3.4   59.1 -125.3
 3.6   62.8 -124.9
 3.8   68.0 -125.2
 4.0   71.8 -126.4
 4.2   75.5 -130.0
 4.4   77.4 -134.3
 4.6   80.0 -137.0
 4.8   83.0 -140.0
 5.0   86.0 -143.0
