-5.0  -20.1  -20.7
-4.8  -16.1  -23.7
-4.6  -12.1  -26.7
-4.4   -8.1  -29.7
-4.2   -4.6  -33.9
-4.0   -2.4  -34.1
-3.8    0.8  -35.3
-3.6    4.1  -35.5
-3.4    7.1  -35.9
-3.2    9.6  -35.3
-3.0    9.0  -34.6
-2.8    9.1  -34.6
-2.6   11.8  -32.7
-2.4   12.4  -31.6
-2.2   13.3  -30.7
-2.0   11.0  -29.7
-1.8   10.8  -28.3
-1.6   10.5  -27.6
-1.4   10.5  -27.5
-1.2   11.8  -25.9
-1.0   11.8  -25.7
-0.8   11.4  -26.1
-0.6   11.2  -26.3
-0.4   11.2  -26.3
-0.2   11.2  -26.3
 0.0   11.2  -26.3
 0.2   11.2  -26.3
 0.4   11.2  -26.3
 0.6   11.2  -26.3
 0.8   11.2  -26.3
 1.0   11.2  -26.3
 1.2   11.2  -26.3
 1.4   11.2  -26.3
 1.6   11.2  -26.3
 1.8   11.2  -26.3
 2.0   11.2  -26.3
 2.2   11.2  -26.3
 2.4   11.2  -26.3
 2.6   11.2  -26.3
 2.8   11.2  -26.3
 3.0   11.2  -26.3
 3.2   11.2  -26.3
 3.4   11.2  -26.3
 3.6   11.2  -26.3
 3.8   11.2  -26.3
 4.0   11.2  -26.3
 4.2   11.2  -26.3
 4.4   11.2  -26.3
 4.6   11.2  -26.3
 4.8   11.2  -26.3
 5.0   11.2  -26.3
