-5.0  -17.7  -18.3
-4.8  -13.7  -21.3
-4.6   -9.7  -24.3
-4.4   -5.7  -27.3
-4.2   -1.1  -29.9
-4.0    0.1  -30.4
-3.8    2.3  -31.9
-3.6    6.6  -31.8
-3.4   10.5  -31.8
-3.2   12.4  -31.3
-3.0   11.2  -30.7
-2.8   10.9  -31.4
-2.6   12.8  -30.3
-2.4   12.7  -30.7
-2.2   14.6  -29.0
-2.0   13.3  -27.2
-1.8   13.7  -25.7
-1.6   14.1  -24.8
-1.4   14.6  -24.8
-1.2   14.5  -23.9
-1.0   14.4  -22.6
-0.8   13.4  -23.3
-0.6   12.6  -23.7
-0.4   10.3  -24.3
-0.2    6.0  -28.5
 0.0    3.2  -32.8
 0.2    1.4  -33.7
 0.4    5.9  -33.8
 0.6    6.7  -33.4
 0.8    7.4  -33.1
 1.0   13.7  -31.3
 1.2   13.7  -31.3
 1.4   13.7  -31.3
 1.6   13.7  -31.3
 1.8   13.7  -31.3
 2.0   13.7  -31.3
 2.2   13.7  -31.3
 2.4   13.7  -31.3
 2.6   13.7  -31.3
 2.8   13.7  -31.3
 3.0   13.7  -31.3
 3.2   13.7  -31.3
 3.4   13.7  -31.3
 3.6   13.7  -31.3
 3.8   13.7  -31.3
 4.0   13.7  -31.3
 4.2   13.7  -31.3
 4.4   13.7  -31.3
 4.6   13.7  -31.3
 4.8   13.7  -31.3
 5.0   13.7  -31.3
