-5.0  -33.6  -55.2
-4.8  -28.6  -52.2
-4.6  -23.6  -49.2
-4.4  -16.6  -42.2
-4.2   -8.8  -40.2
-4.0   -2.2  -37.4
-3.8    3.8  -33.8
-3.6    8.1  -30.7
-3.4   10.9  -30.4
-3.2   15.6  -28.4
-3.0   18.7  -28.1
-2.8   19.1  -28.8
-2.6   19.5  -29.1
-2.4   21.7  -29.7
-2.2   22.9  -30.1
-2.0   22.8  -30.5
-1.8   22.6  -31.1
-1.6   23.9  -30.6
-1.4   25.4  -30.9
-1.2   24.8  -28.4
-1.0   25.3  -27.6
-0.8   26.2  -28.4
-0.6   26.6  -29.9
-0.4   24.8  -31.0
-0.2   25.0  -31.8
 0.0   27.2  -32.2
 0.2   26.3  -33.0
 0.4   24.7  -33.8
 0.6   24.9  -35.5
 0.8   23.1  -35.9
 1.0   21.4  -36.8
 1.2   19.1  -38.7
 1.4   17.9  -38.4
 1.6   16.9  -39.5
 1.8   16.5  -40.6
 2.0   13.8  -42.7
 2.2   11.8  -45.9
 2.4    8.2  -48.8
 2.6    6.1  -51.4
 2.8    2.6  -53.2
 3.0   -4.8  -55.9
 3.2   -8.7  -56.5
 3.4  -11.4  -57.5
 3.6  -11.0  -61.2
 3.8  -10.6  -63.6
 4.0  -11.6  -66.1
 4.2  -12.9  -67.6
 4.4  -15.2  -69.9
 4.6  -16.3  -71.6
 4.8  -18.3  -73.6
 5.0  -20.3  -75.6
