-5.0  -26.1  -56.4
-4.8  -21.1  -53.4
-4.6  -16.1  -50.4
-4.4  -11.1  -47.4
-4.2   -6.1  -44.4
-4.0   -1.7  -42.0
-3.8    3.2  -39.2
-3.6    7.5  -36.1
-3.4   13.2  -34.4
-3.2   17.6  -33.9
-3.0   19.7  -32.6
-2.8   21.3  -32.4
-2.6   22.3  -30.3
-2.4   24.9  -31.2
-2.2   27.9  -32.1
-2.0   30.0  -31.4
-1.8   29.7  -31.3
-1.6   30.1  -33.1
-1.4   32.8  -35.7
-1.2   34.0  -37.0
-1.0   35.0  -36.0
-0.8   36.4  -36.5
-0.6   34.8  -37.9
-0.4   31.4  -38.8
-0.2   33.1  -39.4
 0.0   35.2  -40.2
 0.2   34.3  -41.0
 0.4   32.7  -41.8
 0.6   32.9  -43.5
 0.8   31.1  -43.9
 1.0   29.4  -44.8
 1.2   27.1  -46.7
 1.4   25.9  -46.4
 1.6   24.9  -47.5
 1.8   24.5  -48.6
 2.0   21.8  -50.7
 2.2   19.8  -53.9
 2.4   16.2  -56.8
 2.6   14.1  -59.4
 2.8   10.6  -61.2
 3.0    3.2  -63.9
 3.2   -0.7  -64.5
 3.4   -3.4  -65.5
 3.6   -3.0  -69.2
 3.8   -2.6  -71.6
 4.0   -3.6  -74.1
 4.2   -4.9  -75.6
 4.4   -7.2  -77.9
 4.6   -8.3  -79.6
 4.8  -10.3  -81.6
 5.0  -12.3  -83.6
