-5.0  -31.3  -22.7
-4.8  -27.3  -25.7
-4.6  -23.3  -28.7
-4.4  -19.6  -30.6
-4.2  -15.3  -34.3
-4.0  -13.6  -34.1
-3.8  -10.2  -38.0
-3.6   -5.5  -35.7
-3.4   -2.3  -35.5
-3.2   -0.9  -37.4
-3.0    0.3  -35.4
-2.8   -0.7  -34.3
-2.6    0.6  -35.0
-2.4    4.2  -30.1
-2.2    6.3  -27.3
-2.0    5.7  -29.8
-1.8    4.7  -25.2
-1.6    4.0  -26.4
-1.4    3.8  -24.6
-1.2    4.6  -23.2
-1.0    6.9  -21.4
-0.8    1.8  -22.7
-0.6    6.2  -21.7
-0.4    1.8  -19.7
-0.2    0.8  -23.0
 0.0   -3.7  -28.3
 0.2   -1.8  -26.3
 0.4    1.5  -29.1
 0.6    1.8  -27.8
 0.8    4.6  -24.3
 1.0   11.6  -24.5
 1.2   11.9  -27.0
 1.4   13.0  -25.6
 1.6   13.8  -26.3
 1.8    8.0  -25.0
 2.0    5.0  -25.2
 2.2    5.6  -24.9
 2.4    5.6  -25.9
 2.6    4.8  -25.5
 2.8    5.8  -26.5
 3.0    6.1  -27.6
 3.2    4.0  -28.7
 3.4    5.0  -28.2
 3.6    7.3  -27.4
 3.8    7.3  -27.4
 4.0    7.3  -27.4
 4.2    7.3  -27.4
 4.4    7.3  -27.4
 4.6    7.3  -27.4
 4.8    7.3  -27.4
 5.0    7.3  -27.4
