-5.0  -18.8  -15.8
-4.8  -14.8  -18.8
-4.6  -10.8  -21.8
-4.4   -6.8  -24.8
-4.2   -2.2  -25.9
-4.0   -2.5  -29.2
-3.8    0.5  -30.1
-3.6    5.8  -31.3
-3.4    8.5  -30.1
-3.2    9.9  -29.5
-3.0    8.9  -27.9
-2.8    8.7  -27.8
-2.6   10.7  -27.5
-2.4   13.7  -29.4
-2.2   15.4  -26.7
-2.0   13.6  -22.4
-1.8   13.8  -23.3
-1.6   16.2  -20.8
-1.4   14.8  -19.7
-1.2   16.7  -21.6
-1.0   15.9  -18.2
-0.8   13.3  -18.8
-0.6   13.5  -20.1
-0.4   11.8  -19.1
-0.2    8.6  -21.8
 0.0    6.3  -28.4
 0.2    5.8  -27.3
 0.4    9.7  -29.9
 0.6   10.3  -30.2
 0.8   12.0  -26.8
 1.0   18.0  -27.0
 1.2   17.8  -29.1
 1.4   18.1  -28.4
 1.6   17.0  -29.4
 1.8   15.9  -29.5
 2.0   12.4  -26.6
 2.2   10.6  -28.1
 2.4   10.6  -29.1
 2.6    9.8  -28.7
 2.8   10.8  -29.7
 3.0   11.1  -30.8
 3.2    9.0  -31.9
 3.4   10.0  -31.4
 3.6   12.3  -30.6
 3.8   12.3  -30.6
 4.0   12.3  -30.6
 4.2   12.3  -30.6
 4.4   12.3  -30.6
 4.6   12.3  -30.6
 4.8   12.3  -30.6
 5.0   12.3  -30.6
