-5.0  -29.9   -5.5
-4.8  -26.9   -3.3
-4.6  -23.9   -1.3
-4.4  -21.6   -0.4
-4.2  -17.5    0.0
-4.0  -14.6    0.0
-3.8  -11.6    0.0
-3.6   -8.3    0.0
-3.4   -4.5    0.0
-3.2   -4.0    0.0
-3.0   -4.0   -1.0
-2.8   -4.0   -2.0
-2.6   -3.5   -2.0
-2.4   -0.4   -2.4
-2.2    1.7   -3.5
-2.0    2.4   -4.4
-1.8    4.6   -5.5
-1.6    8.1   -5.5
-1.4   11.5   -5.6
-1.2   12.2   -6.2
-1.0   12.5   -7.5
-0.8   12.7   -7.8
-0.6   12.8   -6.8
-0.4   12.9   -3.7
-0.2   13.0   -2.0
 0.0   13.1   -1.9
 0.2   13.1   -1.9
 0.4   13.1   -1.9
 0.6   13.1   -1.9
 0.8   13.1   -1.9
 1.0   13.1   -1.9
 1.2   13.1   -1.9
 1.4   13.1   -1.9
 1.6   13.1   -1.9
 1.8   13.1   -1.9
 2.0   13.1   -1.9
 2.2   13.1   -1.9
 2.4   13.1   -1.9
 2.6   13.1   -1.9
 2.8   13.1   -1.9
 3.0   13.1   -1.9
 3.2   13.1   -1.9
 3.4   13.1   -1.9
 3.6   13.1   -1.9
 3.8   13.1   -1.9
 4.0   13.1   -1.9
 4.2   13.1   -1.9
 4.4   13.1   -1.9
 4.6   13.1   -1.9
 4.8   13.1   -1.9
 5.0   13.1   -1.9
