-5.0  -29.3  -17.5
-4.8  -26.3  -15.3
-4.6  -23.3  -13.3
-4.4  -21.5  -11.4
-4.2  -20.7   -6.6
-4.0  -14.5   -5.5
-3.8  -12.9   -7.0
-3.6   -7.4   -5.7
-3.4   -3.7   -6.8
-3.2    0.2   -5.5
-3.0   -0.9   -6.6
-2.8    0.0   -7.2
-2.6    2.3   -9.2
-2.4    1.3   -8.5
-2.2    0.6   -9.2
-2.0    2.5  -10.6
-1.8    2.0  -12.3
-1.6    3.2  -15.2
-1.4    9.5  -14.3
-1.2   10.0  -13.0
-1.0    8.7  -15.7
-0.8   10.3  -15.6
-0.6    8.8  -17.1
-0.4    8.3  -13.2
-0.2   10.9   -9.6
 0.0   13.1  -11.7
 0.2   15.5  -10.9
 0.4   20.0   -8.9
 0.6   19.0   -8.9
 0.8   17.8   -9.4
 1.0   18.2   -8.2
 1.2   17.1  -10.6
 1.4   14.6  -10.7
 1.6   14.6   -9.4
 1.8   11.9   -9.4
 2.0   11.2  -10.3
 2.2    8.5   -9.7
 2.4    6.4   -8.9
 2.6    5.7   -8.5
 2.8    3.0   -6.6
 3.0    1.9   -5.1
 3.2    2.0   -5.6
 3.4    2.0   -5.6
 3.6    2.0   -5.6
 3.8    2.0   -5.6
 4.0    2.0   -5.6
 4.2    2.0   -5.6
 4.4    2.0   -5.6
 4.6    2.0   -5.6
 4.8    2.0   -5.6
 5.0    2.0   -5.6
