-5.0  -27.3   -2.1
-4.8  -24.3    0.1
-4.6  -21.3    2.1
-4.4  -19.1    3.1
-4.2  -17.5    4.2
-4.0  -12.8    5.5
-3.8   -9.4    6.6
-3.6   -6.5    6.7
-3.4   -3.0    7.0
-3.2   -2.0    7.0
-3.0   -1.0    3.6
-2.8   -0.3    1.5
-2.6    0.5    1.2
-2.4    1.2    1.0
-2.2    3.2   -1.3
-2.0    3.8   -2.5
-1.8    4.5   -3.0
-1.6    7.0   -3.0
-1.4    9.0   -3.0
-1.2   10.0   -4.0
-1.0   12.0   -5.0
-0.8   14.0   -5.0
-0.6   14.0   -7.0
-0.4   14.0   -7.0
-0.2   14.0   -7.0
 0.0   14.0   -7.0
 0.2   14.0   -7.0
 0.4   14.0   -7.0
 0.6   14.0   -7.0
 0.8   14.0   -7.0
 1.0   14.0   -7.0
 1.2   14.0   -7.0
 1.4   14.0   -7.0
 1.6   14.0   -7.0
 1.8   14.0   -7.0
 2.0   14.0   -7.0
 2.2   14.0   -7.0
 2.4   14.0   -7.0
 2.6   14.0   -7.0
 2.8   14.0   -7.0
 3.0   14.0   -7.0
 3.2   14.0   -7.0
 3.4   14.0   -7.0
 3.6   14.0   -7.0
 3.8   14.0   -7.0
 4.0   14.0   -7.0
 4.2   14.0   -7.0
 4.4   14.0   -7.0
 4.6   14.0   -7.0
 4.8   14.0   -7.0
 5.0   14.0   -7.0
