-5.0  -30.7  -20.3
-4.8  -27.7  -18.1
-4.6  -24.7  -16.1
-4.4  -17.5  -13.2
-4.2  -17.5   -8.9
-4.0   -8.8   -7.7
-3.8   -8.5   -8.5
-3.6   -4.2   -6.4
-3.4   -1.6   -6.8
-3.2   -0.6   -7.6
-3.0    0.6   -6.8
-2.8    0.2   -6.4
-2.6    1.7   -9.6
-2.4    1.1   -6.8
-2.2    1.8   -7.4
-2.0    5.5   -8.3
-1.8    4.9   -7.6
-1.6    8.6   -8.4
-1.4    9.9   -7.7
-1.2   10.4  -10.1
-1.0    8.3  -12.6
-0.8    9.2  -12.4
-0.6    6.4  -13.6
-0.4    4.5   -9.3
-0.2    7.1   -5.7
 0.0    9.3   -7.8
 0.2   11.7   -7.0
 0.4   16.2   -5.0
 0.6   15.2   -5.0
 0.8   14.0   -5.5
 1.0   14.4   -4.3
 1.2   13.3   -6.7
 1.4   10.8   -6.8
 1.6   10.8   -5.5
 1.8    8.1   -5.5
 2.0    7.4   -6.4
 2.2    4.7   -5.8
 2.4    2.6   -5.0
 2.6    1.9   -4.6
 2.8   -0.8   -2.7
 3.0   -1.9   -1.2
 3.2   -1.8   -1.7
 3.4   -1.8   -1.7
 3.6   -1.8   -1.7
 3.8   -1.8   -1.7
 4.0   -1.8   -1.7
 4.2   -1.8   -1.7
 4.4   -1.8   -1.7
 4.6   -1.8   -1.7
 4.8   -1.8   -1.7
 5.0   -1.8   -1.7
