-5.0   -7.2  -34.2
-4.8   -2.2  -31.2
-4.6    2.8  -28.2
-4.4    8.4  -23.8
-4.2   12.3  -16.3
-4.0   16.5   -9.9
-3.8   20.6   -9.1
-3.6   22.2   -7.0
-3.4   30.1   -1.8
-3.2   32.0   -1.9
-3.0   30.6   -2.1
-2.8   32.1    0.4
-2.6   33.5   -1.6
-2.4   35.0   -0.4
-2.2   37.3   -9.0
-2.0   37.5   -4.4
-1.8   34.6   -7.0
-1.6   34.8   -4.8
-1.4   36.5   -7.1
-1.2   38.4   -5.7
-1.0   34.5   -8.7
-0.8   38.1   -7.2
-0.6   38.3   -7.4
-0.4   39.7   -5.9
-0.2   43.9   -7.4
 0.0   43.6   -8.1
 0.2   43.8   -6.8
 0.4   43.8   -6.4
 0.6   42.6   -8.3
 0.8   40.4   -8.2
 1.0   39.6   -7.5
 1.2   38.8   -7.2
 1.4   36.4   -7.1
 1.6   37.0   -9.0
 1.8   36.7   -7.1
 2.0   30.9  -10.4
 2.2   29.4  -13.2
 2.4   25.8  -13.3
 2.6   27.6  -14.6
 2.8   21.5  -19.9
 3.0   21.0  -16.4
 3.2   16.0  -24.5
 3.4   16.9  -24.8
 3.6   20.1  -29.9
 3.8   17.0  -28.9
 4.0   18.1  -31.3
 4.2   18.9  -40.8
 4.4   16.7  -39.9
 4.6   16.9  -45.0
 4.8   14.9  -47.0
 5.0   12.9  -49.0
