-5.0  -41.4  -71.0
-4.8  -36.4  -68.0
-4.6  -31.4  -65.0
-4.4  -25.8  -60.6
-4.2  -19.9  -56.1
-4.0  -13.7  -51.5
-3.8   -9.2  -48.1
-3.6   -5.7  -47.7
-3.4    2.0  -45.5
-3.2    5.0  -43.3
-3.0    5.4  -44.2
-2.8    8.0  -44.3
-2.6    8.9  -42.7
-2.4   12.6  -44.6
-2.2   12.9  -46.5
-2.0   13.7  -46.8
-1.8   18.7  -50.0
-1.6   13.7  -46.3
-1.4   19.0  -46.3
-1.2   19.7  -47.8
-1.0   17.9  -44.6
-0.8   19.6  -46.8
-0.6   18.0  -46.7
-0.4   19.5  -44.7
-0.2   25.7  -44.8
 0.0   26.6  -46.1
 0.2   26.1  -45.3
 0.4   26.4  -45.3
 0.6   27.4  -45.2
 0.8   24.0  -44.1
 1.0   24.1  -43.5
 1.2   19.9  -45.8
 1.4   22.5  -41.4
 1.6   22.2  -44.6
 1.8   21.0  -44.9
 2.0   19.8  -42.2
 2.2   15.5  -43.4
 2.4   12.2  -46.9
 2.6   13.9  -46.6
 2.8   10.2  -48.4
 3.0    7.2  -49.9
 3.2    2.4  -52.8
 3.4    1.3  -53.7
 3.6    6.6  -54.7
 3.8    3.4  -58.6
 4.0    2.0  -59.7
 4.2    9.9  -63.0
 4.4    5.6  -66.3
 4.6    1.4  -67.9
 4.8   -0.6  -69.9
 5.0   -2.6  -71.9
