-5.0  -28.5  -12.2
-4.8  -25.5  -10.0
-4.6  -22.5   -8.0
-4.4  -18.6   -8.5
-4.2  -16.2   -5.8
-4.0  -10.0   -4.4
-3.8   -7.3   -4.0
-3.6   -3.0   -0.7
-3.4    1.7   -0.4
-3.2    1.7   -2.8
-3.0    1.7    0.4
-2.8    0.1   -2.1
-2.6    2.3   -5.0
-2.4    0.9    0.0
-2.2    2.4   -3.5
-2.0    3.6   -2.0
-1.8    4.3   -3.0
-1.6    6.8   -3.0
-1.4    8.3   -0.7
-1.2   10.1   -3.9
-1.0    9.0   -9.8
-0.8    9.2   -6.0
-0.6    8.5   -7.4
-0.4    8.8   -3.9
-0.2    9.0   -1.7
 0.0   10.6   -2.8
 0.2   13.5   -0.9
 0.4   15.0   -0.3
 0.6   17.0   -3.4
 0.8   14.9   -0.7
 1.0   15.4   -3.2
 1.2   11.0   -4.3
 1.4    9.5   -3.2
 1.6   11.4   -3.0
 1.8    8.0   -5.4
 2.0    6.3   -7.6
 2.2    3.7   -6.8
 2.4    3.0   -7.8
 2.6    1.3   -9.0
 2.8   -1.0   -9.8
 3.0   -4.8   -8.2
 3.2   -3.7   -9.1
 3.4   -7.0  -12.3
 3.6   -7.9  -11.1
 3.8   -7.6  -13.2
 4.0   -8.8  -12.9
 4.2   -5.7  -15.3
 4.4   -7.1  -16.9
 4.6   -5.5  -18.3
 4.8   -5.5  -18.3
 5.0   -5.5  -18.3
