-5.0  -32.1  -21.1
-4.8  -28.1  -24.1
-4.6  -24.1  -27.1
-4.4  -20.6  -29.7
-4.2  -15.9  -36.5
-4.0  -14.3  -37.7
-3.8  -11.1  -38.7
-3.6   -3.3  -39.3
-3.4   -1.8  -36.6
-3.2   -0.3  -38.0
-3.0    3.7  -34.4
-2.8    0.7  -33.7
-2.6    1.9  -36.1
-2.4    4.7  -33.2
-2.2    4.9  -29.5
-2.0    3.9  -30.0
-1.8    4.7  -26.7
-1.6    3.7  -27.2
-1.4    5.3  -24.6
-1.2    5.0  -24.0
-1.0    6.3  -22.0
-0.8    3.5  -22.5
-0.6    6.0  -21.5
-0.4    1.1  -22.1
-0.2    0.7  -22.5
 0.0   -3.1  -25.6
 0.2   -2.9  -27.4
 0.4   -0.1  -24.9
 0.6   -2.6  -23.0
 0.8    4.9  -24.2
 1.0    7.2  -24.9
 1.2    2.8  -23.9
 1.4    6.0  -25.1
 1.6    9.1  -27.1
 1.8    3.3  -22.0
 2.0    5.8  -23.4
 2.2    7.0  -25.0
 2.4    4.7  -23.4
 2.6    6.1  -24.6
 2.8    5.5  -25.8
 3.0    4.5  -26.1
 3.2    2.8  -24.6
 3.4    1.2  -24.7
 3.6    6.1  -23.4
 3.8    8.3  -23.2
 4.0    6.4  -23.5
 4.2    7.6  -21.3
 4.4    9.8  -27.0
 4.6   10.1  -25.7
 4.8   10.1  -25.7
 5.0   10.1  -25.7
